10 183
F 6 12 10 3
W 16 8 3 9
W 3 10 0 9
S 2 19 0 4
A 10 1 12 4
H 13 12 0 5 0 0
T 7 7 10 2
T 1 2 10 2
, 13 14 0 0
* 19 7 0 0
@ 16 18 0 99
! 6 16 0 10
% 13 9 0 0
* 2 1 0 0
@ 4 5 0 99
! 12 9 0 10
% 5 7 0 0
, 13 6 0 0
* 18 7 0 0
, 12 6 0 0
* 17 7 0 0
@ 16 17 0 99
* 16 7 0 0
* 15 7 0 0
* 18 6 0 0
% 14 10 0 0
* 1 0 0 0
% 4 6 0 0
@ 15 17 0 99
% 15 9 0 0
* 2 0 0 0
@ 15 18 0 99
* 19 6 0 0
* 18 8 0 0
* 0 1 0 0
* 3 1 0 0
* 18 5 0 0
* 17 9 0 0
* 18 9 0 0
* 1 1 0 0
* 4 1 0 0
* 16 9 0 0
@ 17 16 0 99
% 14 11 0 0
* 0 0 0 0
% 14 8 0 0
* 0 2 0 0
* 3 0 0 0
* 5 0 0 0
% 13 8 0 0
* 4 0 0 0
% 12 7 0 0
@ 17 18 0 99
* 16 6 0 0
* 15 6 0 0
* 2 2 0 0
* 19 10 0 0
* 16 10 0 0
* 15 10 0 0
% 13 11 0 0
* 0 3 0 0
* 16 5 0 0
* 14 5 0 0
* 17 10 0 0
* 15 11 0 0
* 14 9 0 0
* 15 5 0 0
* 17 4 0 0
* 13 10 0 0
* 16 4 0 0
* 17 5 0 0
* 17 6 0 0
% 5 6 0 0
@ 14 17 0 99
* 19 5 0 0
* 19 8 0 0
* 18 4 0 0
* 19 9 0 0
% 15 12 0 0
% 13 7 0 0
* 2 3 0 0
* 19 11 0 0
* 16 11 0 0
* 1 4 0 0
* 14 12 0 0
* 17 3 0 0
* 19 3 0 0
* 18 11 0 0
* 16 2 0 0
* 18 10 0 0
* 17 11 0 0
* 16 12 0 0
@ 5 5 0 99
* 17 8 0 0
* 14 6 0 0
* 14 7 0 0
@ 15 16 0 99
* 5 1 0 0
% 12 10 0 0
* 15 4 0 0
* 13 5 0 0
* 16 3 0 0
* 12 11 0 0
% 6 6 0 0
* 19 4 0 0
* 2 4 0 0
* 17 12 0 0
* 0 5 0 0
* 18 2 0 0
* 15 1 0 0
* 6 0 0 0
* 15 3 0 0
* 2 5 0 0
* 0 6 0 0
* 17 2 0 0
* 14 3 0 0
* 13 2 0 0
% 12 8 0 0
* 3 2 0 0
@ 3 6 0 99
* 6 1 0 0
* 3 3 0 0
* 1 3 0 0
* 13 4 0 0
% 4 7 0 0
@ 13 17 0 99
* 18 3 0 0
* 14 13 0 0
* 18 12 0 0
* 6 2 0 0
% 11 9 0 0
* 14 4 0 0
* 15 2 0 0
* 17 13 0 0
* 18 13 0 0
* 17 1 0 0
* 7 0 0 0
* 14 2 0 0
* 4 3 0 0
* 12 3 0 0
* 13 3 0 0
* 19 2 0 0
* 19 12 0 0
* 17 14 0 0
* 3 4 0 0
* 11 3 0 0
* 15 8 0 0
* 5 2 0 0
% 12 12 0 0
% 16 13 0 0
* 0 4 0 0
* 16 1 0 0
* 15 13 0 0
@ 5 4 0 99
* 4 2 0 0
* 12 4 0 0
* 18 1 0 0
* 19 1 0 0
* 14 1 0 0
* 7 1 0 0
* 3 5 0 0
* 1 5 0 0
* 2 6 0 0
@ 3 7 0 99
* 7 2 0 0
* 4 4 0 0
@ 12 17 0 99
* 7 3 0 0
* 16 15 0 0
* 6 3 0 0
* 5 3 0 0
* 14 0 0 0
* 1 7 0 0
@ 3 8 0 99
* 6 4 0 0
* 8 2 0 0
* 8 4 0 0
* 15 15 0 0
* 13 1 0 0
* 7 5 0 0
* 9 1 0 0
* 8 1 0 0
* 8 6 0 0
